13402806625
13402817818
13402823099
13402831910
13402845141
13402850583
13402866388
13402872734
13402888972
13402894791
13408004798
13408013719
13408027626
13408036919
13408040386
13408050112
13408061080
13408075782
13408083072
13408098376
13408403025
13408414628
13408420336
13408437487
13408444552
13408456419
13408469526
13408479692
13408484157
13408494391
13518109443
13518110783
13518122209
13518132542
13518142694
13518157351
13518163126
13518179083
13518180086
13518192098
13518203875
13518214885
13540005818
13540011501
13540021804
13540036204
13540041614
13540052885
13540061987
13540074687
13540081261
13540095012
13540109316
13540111598
13540122499
13540133869
13540148018
13540152026
13540163561
13540172175
13608006417
13608013004
13608022959
13608038627
13608045547
13608055654
13608065979
13608078674
13608084737
13608096065
13608170773
13608188613
13608190950
13608206591
13608210114
13608222755
13608232796
13618001729
13618015640
13618024783
13618036417
13618046902
13618059795
13618065734
13618078500
13618082295
13618099603
13628006519
13628014321
13628023165
13708008695
13708010739
13708026170
13708031654
13708049366
13708051718
13708067309
13708075345
13708080392
13708092046
13708171411
13708181165
13708190659
13708202361
13708217756
13708220774
13708235117
13709000552
13709012504
13709020758
13709035336
13709048921
13709057661
13709065132
13709074656
13709086162
13709097427
13730604259
13730612681
13730621749
13800287424
13808001376
13808012488
13808023594
13808033031
13808041855
13808055312
13808060340
13808077200
13808085704
13808092386
13808178611
13808186870
13808193046
13808200973
13808214626
13808223821
13808236091
13880005179
13880016325
13880026849
13880030515
13880045247
13880054511
13880065647
13880079903
13880080673
13880093075
13880104163
13880113354
13900804824
13900811587
13908004730
13908017313
13908025182
13908037761
13908049169
13908050495
13908068101
13908076370
13908086200
13908090488
13908174982
13908183070
13908193535
13908205956
13908217696
13908227356
13908232047
13980002876
13980013682
13980028897
13980033391
13980048930
13980053408
13980069039
13980078834
13980084081
13980092114
13980402997
14702807436
14702816939
14702824585
14702832167
14702844253
14702859767
14702869929
14702873422
14702880262
14702898031
14708009792
14708016463
14708028519
14708034775
14708049533
14708052055
14708060731
14708077230
14708089412
14708092779
14708100106
14708113095
14708121676
14708133498
14708142026
14726005085
14726012537
14726020860
14726039167
14726044651
15002803858
15002816603
15002821590
15002838443
15002848771
15002855843
15002868211
15002878700
15002889266
15002898474
15008206731
15008219059
15008224937
15008235251
15008243834
15008254470
15008267306
15008274566
15008281701
15008296719
15008407345
15008411807
15008429814
15008439022
15008445305
15008451840
15008464107
15008477842
15008482701
15008493274
15102802494
15102816559
15102829878
15102834084
15102845003
15102858649
15102869928
15102873215
15102887350
15102899195
15108201689
15108214081
15108228254
15108236627
15108249332
15108252089
15108261098
15108276639
15108286655
15108292799
15108303359
15108314000
15108324606
15108333174
15108343022
15108359912
15108365014
15108377130
15108387754
15108397716
15202800405
15202810248
15202824275
15202830283
15202844333
15202859279
15202868933
15202874262
15202882494
15202896284
15208103457
15208114184
15208120365
15208131712
15208140812
15208159698
15208163801
15208171910
15208186338
15208190457
15208204709
15208219697
15208224458
15208239316
15208242871
15208257481
15208269228
15208277886
15208284611
15208296983
15702805602
15702815016
15702827232
15702839878
15702845300
15702851565
15702869158
15702874234
15702885828
15702891653
15708400518
15708419286
15708425837
15708430884
15708440999
15708456649
15708460582
15708474800
15708488560
15708496921
15718005258
15718013269
15718026618
15718039716
15718042585
15718059490
15719407197
15719411814
15719427377
15719431808
15802808797
15802812979
15802826825
15802836029
15802842858
15802852126
15802867595
15802872016
15802886360
15802893424
15828003669
15828016879
15828022710
15828039507
15828047763
15828053709
15828066157
15828078346
15828088510
15828094717
15828105267
15828113768
15828127986
15828131886
15828143485
15828150572
15828161376
15828170682
15828182386
15828198753
15902802491
15902811184
15902821733
15902839317
15902847214
15902854591
15902861443
15902874809
15902886608
15902897804
15908108234
15908110278
15908124683
15908130944
15908149786
15908152446
15908164654
15908175943
15908180792
15908193165
15928000660
15928016059
15928026933
15928038647
15928047945
15928050419
15928069220
15928079322
15928081102
15928091607
18200008076
18200013593
18200022791
18200039809
18200042910
18200050005
18200064401
18200074354
18200084815
18200091009
18200102158
18200113049
18200121288
18200136841
18200143994
18200151074
18200169288
18200178648
18200187017
18200190081
18200201814
18200217678
18200226140
18200238748
18200246325
18200254086
18200269167
18200275545
18200283409
18200290269
18302807153
18302811485
18302823863
18302839944
18302841294
18302856773
18302869950
18302875696
18302881128
18302894765
18328006706
18328013286
18328027815
18328037994
18328040128
18328051810
18328069069
18328079416
18328080458
18328096086
18328309497
18328312273
18328323765
18328335638
18328341021
18328350091
18328369725
18328370188
18328385636
18328393134
18702800457
18702812790
18702824619
18702834320
18702842734
18702855914
18702861094
18702872685
18702881611
18702892222
18708107450
18708118317
18708125509
18708135266
18708146311
18708155637
18708167076
18708175380
18708185054
18708197535
18728401467
18728414552
18728429808
18728435233
18728440190
18728450829
18728465324
18728479916
18728481018
18728490961
18802803050
18802811475
18802823751
18802837670
18802845796
18802856485
18802863585
18802876891
18802889170
18802895196
18808009114
18808016621
18808023513
18808034623
18808041888
18808059825
18808060261
18808078965
18808085206
18808095316
18828006500
18828016674
18828029868
18828036309
18828041907
18828050058
18828067139
18828077231
18828089975
18828098157