2015053094
2016051050
2016051157
2016051160
2016053071
2016053080
2017051058
2017051077
2017051118
2017051125
2017051179
2017051198
2017051222
2017051227
2017053028
2018051022
2018051025
2018051030
2018051031
2018051034
2018051060
2018051158
2018051159
2018051160
2018051173
2018053012
2018053041
2018053049
2018053054
2019022076
2019023002
2019023028
2019031090
2019032016
2019032049
2019045010
2019045029
2019051001
2019051002
2019051003
2019051004
2019051005
2019051006
2019051007
2019051008
2019051009
2019051010
2019051011
2019051012
2019051013
2019051014
2019051015
2019051016
2019051017
2019051018
2019051019
2019051020
2019051021
2019051022
2019051023
2019051024
2019051025
2019051026
2019051027
2019051028
2019051029
2019051030
2019051031
2019051032
2019051033
2019051034
2019051035
2019051036
2019051037
2019051038
2019051039
2019051040
2019051041
2019051042
2019051043
2019051044
2019051045
2019051046
2019051047
2019051048
2019051049
2019051050
2019051051
2019051053
2019051054
2019051055
2019051056
2019051057
2019051058
2019051059
2019051061
2019051062
2019051063
2019051064
2019051065
2019051066
2019051067
2019051068
2019051069
2019051070
2019051071
2019051072
2019051073
2019051074
2019051075
2019051076
2019051077
2019051078
2019051079
2019051080
2019051081
2019051082
2019051083
2019051084
2019051085
2019051087
2019051088
2019051089
2019051090
2019051091
2019051092
2019051093
2019051094
2019051095
2019051096
2019051097
2019051098
2019051099
2019051100
2019051101
2019051102
2019051103
2019051104
2019051105
2019051106
2019051107
2019051108
2019051109
2019051110
2019051111
2019051112
2019051113
2019051114
2019051115
2019051116
2019051117
2019051118
2019051119
2019051120
2019051121
2019051122
2019051124
2019051125
2019051126
2019051129
2019051130
2019051131
2019051132
2019051133
2019051134
2019051135
2019051136
2019051137
2019051138
2019051139
2019051140
2019051141
2019051142
2019051143
2019051144
2019051145
2019051146
2019051147
2019051148
2019051149
2019051151
2019051152
2019051153
2019051154
2019051155
2019051156
2019051157
2019051158
2019051159
2019051160
2019051161
2019051162
2019051163
2019051164
2019051165
2019051166
2019051167
2019051168
2019051169
2019051170
2019051171
2019051172
2019051173
2019051174
2019051175
2019051176
2019051177
2019051178
2019051179
2019051180
2019051181
2019051182
2019051183
2019051184
2019051185
2019051186
2019051187
2019051188
2019051189
2019051190
2019051191
2019051193
2019051194
2019051195
2019051196
2019051197
2019051198
2019051199
2019051200
2019051201
2019051202
2019051203
2019051204
2019051205
2019051206
2019051207
2019051208
2019051209
2019051210
2019051211
2019051212
2019051213
2019051214
2019051215
2019051216
2019051217
2019051218
2019051219
2019051220
2019051221
2019051222
2019051223
2019051224
2019051226
2019051227
2019051228
2019051229
2019051230
2019051231
2019051232
2019051233
2019051234
2019051235
2019051236
2019051237
2019051238
2019051239
2019051240
2019051241
2019051242
2019051244
2019051245
2019051246
2019051247
2019051248
2019051249
2019051250
2019051251
2019051252
2019051253
2019051254
2019051255
2019051257
2019051258
2019051259
2019051260
2019051261
2019051263
2019051264
2019051265
2019051266
2019051267
2019051268
2019051269
2019052001
2019052002
2019052003
2019052004
2019052005
2019052006
2019052007
2019052008
2019052009
2019052010
2019052011
2019052012
2019052013
2019052014
2019052015
2019052016
2019052017
2019052018
2019052019
2019052020
2019052021
2019052022
2019052023
2019052024
2019052025
2019052026
2019052027
2019052028
2019052029
2019052030
2019052031
2019052033
2019052034
2019052035
2019052036
2019052037
2019052038
2019052039
2019052040
2019052042
2019052043
2019052044
2019052045
2019052046
2019052047
2019052048
2019052049
2019052050
2019052052
2019052053
2019052054
2019052055
2019052056
2019052057
2019052058
2019052059
2019052060
2019052061
2019052062
2019052063
2019052064
2019052065
2019052066
2019052067
2019052068
2019052069
2019052070
2019052071
2019052072
2019052073
2019052074
2019052075
2019052076
2019052077
2019052078
2019052079
2019052080
2019052081
2019052082
2019052083
2019052084
2019052085
2019052086
2019052087
2019052088
2019052089
2019052090
2019053001
2019053002
2019053003
2019053004
2019053005
2019053006
2019053007
2019053008
2019053009
2019053010
2019053011
2019053012
2019053013
2019053014
2019053015
2019053016
2019053017
2019053018
2019053019
2019053020
2019053021
2019053022
2019053023
2019053024
2019053025
2019053026
2019053027
2019053028
2019053029
2019053030
2019053031
2019053032
2019053033
2019053034
2019053035
2019053036
2019053037
2019053038
2019053039
2019053040
2019053041
2019053042
2019053043
2019053044
2019053045
2019053046
2019053047
2019053048
2019053049
2019053050
2019053051
2019053053
2019053054
2019053055
2019053056
2019053057
2019053058
2019053059
2019053060
2019053061
2019053062
2019053063
2019053064
2019053065
2019053066
2019053067
2019053068
2019053069
2019053070
2019053071
2019053072
2019053073
2019053074
2019053075
2019053076
2019053077
2019053078
2019053079
2019053080
2019053081
2019053082
2019053083
2019053084
2019053085
2019053086
2019053087
2019053088
2019053089
2019053090
2019053091
2019071047
2019072009
2019073002
2019073069
2019101010
2019201032
2019241028
2019244032
2019245077
2019261046
2019262001
